71,35
3,2
3,1
3,3
10,167
10,265
10,299
10,73
10,175
10,69
10,271
10,1
10,193
10,2
10,3
11,27
11,12
11,23
11,5
11,30
11,10
11,1
11,15
11,2
11,3
9,5
9,1
9,7
9,2
9,3
8,11
8,4
8,6
8,7
8,10
8,1
8,5
8,2
8,3
12,2
12,1
12,3
20,2
20,1
20,3
19,2
19,1
19,3
18,1
18,3
14,1
14,3
13,1
70,3
13,3
70,2
70,1
70,0
69,3
69,2
69,1
69,0
68,3
68,2
68,1
68,0
67,3
2,2
2,1
67,2
67,1
67,0
66,3
2,3
66,2
66,1
66,0
65,3
65,2
65,1
65,0
0,0
71,34
71,33
71,32
71,31
71,30
71,29
71,28
71,27
71,26
71,25
71,24
71,23
71,22
71,21
71,20
71,19
71,18
71,17
71,16
71,15
